3.500000014901161194e-02
3.770833462476730347e-02
4.041666537523269653e-02
4.312499985098838806e-02
4.583333432674407959e-02
4.854166507720947266e-02
5.124999955296516418e-02
5.395833402872085571e-02
5.666666850447654724e-02
5.937499925494194031e-02
6.208333373069763184e-02
6.479166448116302490e-02
6.750000268220901489e-02
7.020833343267440796e-02
7.291666418313980103e-02
7.562500238418579102e-02
7.833333313465118408e-02
8.104166388511657715e-02
8.375000208616256714e-02
8.645833283662796021e-02
8.916666358709335327e-02
9.187500178813934326e-02
9.458333253860473633e-02
9.729166328907012939e-02
1.000000014901161194e-01
1.099999994039535522e-01
1.262451559305191040e-01
1.448894441127777100e-01
1.662871688604354858e-01
1.908449977636337280e-01
2.190295904874801636e-01
2.513765990734100342e-01
2.885006964206695557e-01
3.311073780059814453e-01
3.800064027309417725e-01
4.361269474029541016e-01
5.005355477333068848e-01
5.744562745094299316e-01
6.592938303947448730e-01
7.566604018211364746e-01
8.684064745903015137e-01
9.966554641723632812e-01
1.143844723701477051e+00
1.312771439552307129e+00
1.506645679473876953e+00
1.729151964187622070e+00
1.984518647193908691e+00
2.277598619461059570e+00
2.613961696624755859e+00
3.000000000000000000e+00
