3.084604052472177116e-02
2.202025379507853778e-02
2.356364337793448796e-02
2.105531011019477761e-02
1.949716369531025173e-02
2.235754310901283057e-02
2.062897311678754675e-02
2.102418637359356954e-02
1.978453017574105521e-02
2.048660025230001139e-02
2.177283237509614056e-02
2.433608571000342446e-02
2.604000017526260022e-02
2.888233481797932226e-02
2.942281899708529269e-02
3.161235330203450433e-02
3.371191827505297389e-02
3.630450665623280448e-02
4.087934002873141320e-02
4.534018175781904386e-02
4.939580136585122738e-02
4.960823492860391010e-02
4.826990686693457405e-02
4.735476418757579575e-02
4.674747120376177706e-02
4.503623844673971394e-02
4.147594828604918293e-02
3.444059664228201617e-02
3.171867490535573708e-02
4.402873157749773170e-02
4.924408260550486305e-02
4.872887874930838942e-02
4.884561970416153448e-02
5.223230996306996166e-02
6.024058825225928060e-02
7.774233960042833957e-02
1.106670257528959561e-01
1.599730081737908705e-01
2.221346218050348487e-01
2.922946667476117311e-01
3.666620708187320332e-01
4.436590691158390776e-01
4.995390301711749581e-01
5.451860883044299388e-01
5.809232659530483289e-01
6.070625808186244088e-01
6.251139020873309748e-01
6.360456164337249252e-01
6.407097218268619221e-01
6.396933993789787332e-01
