5.056099956002121226e-02
5.533439145231178191e-02
5.898868288633251494e-02
6.278243434796029754e-02
6.686019216964718404e-02
6.886722697186475894e-02
6.971061173486234330e-02
7.008458090289081122e-02
6.969441700012439511e-02
6.945171157208623880e-02
6.883589490771188646e-02
6.826443895732071943e-02
6.753092663349767599e-02
6.809995573312650763e-02
6.838833164287848321e-02
7.038590599597205344e-02
7.267926540635581689e-02
7.534952034427805367e-02
7.962827555789861456e-02
8.354004210868033742e-02
8.482321585689918397e-02
8.607329270861760473e-02
8.776625882534178080e-02
8.969246237284940471e-02
9.153995369671191762e-02
9.699936359551901421e-02
9.777818322992752609e-02
8.863578557005330483e-02
8.019440008028259903e-02
1.020459469808298464e-01
1.268665611886788946e-01
1.297062623278363858e-01
1.353011006691568485e-01
1.476626729416050110e-01
1.720121834164834163e-01
1.755051502139926556e-01
1.943768765474897797e-01
2.321487750770354630e-01
2.832135670525154914e-01
3.389361994677971834e-01
3.974451253898318437e-01
4.650728120819404565e-01
5.142902379508936805e-01
5.578155595926305166e-01
5.926284183292609420e-01
6.180486926450803331e-01
6.354206302187821453e-01
6.455550007618006125e-01
6.492119502010011978e-01
6.469921493283478098e-01
