9.372245119589470153e-02
5.666225554488456967e-02
5.239997314501299713e-02
4.683225384924972340e-02
3.651195575720365266e-02
4.029971379764583916e-02
3.291093606423100421e-02
2.898537737739113190e-02
2.205050010966139520e-02
2.160371615890521041e-02
1.888257420274754017e-02
2.383833145912970033e-02
2.496278313881496180e-02
3.145030177353345252e-02
3.269850569379807032e-02
3.748251540178926255e-02
4.326638751480341161e-02
4.545775263680922745e-02
5.129154727394006491e-02
5.570360287497710255e-02
5.759776631046415601e-02
5.714846717280276656e-02
5.712865870230225684e-02
5.888725796878100521e-02
6.200145715538630392e-02
6.954428345617201523e-02
7.468015822868086240e-02
7.132946785199781314e-02
6.721871393510839288e-02
9.769255273928516281e-02
1.254819233311787741e-01
1.384196672064222366e-01
1.394436322991737531e-01
1.343721585053450351e-01
1.296038145171329314e-01
1.331979975108953107e-01
1.554668104113177407e-01
2.003641496644227304e-01
2.625598019791877125e-01
3.343141192142106699e-01
4.099799649241334665e-01
4.881457493609442366e-01
5.403700538198915604e-01
5.821704991996018430e-01
6.144305644902108288e-01
6.373773791308880998e-01
6.525080428535167121e-01
6.607470001855776376e-01
6.629186275528908823e-01
6.595848865077433842e-01
