5.083608724077402080e-02
4.574794692542062668e-02
4.110832745987474945e-02
3.865684484541911242e-02
3.443035747579823586e-02
3.111134190705945601e-02
2.830591884394005955e-02
2.601201055858272729e-02
2.392698976901301913e-02
2.255830810942457618e-02
2.153526940695726227e-02
2.211543321295551118e-02
2.123096611423001476e-02
2.144851633362275523e-02
2.112050917769761615e-02
2.118126843576569052e-02
2.110496635958040643e-02
2.040793445525342781e-02
2.009527232909234795e-02
1.924735179686873007e-02
1.877551771299046032e-02
1.820215551988475441e-02
1.835721264155186841e-02
1.808839005452927973e-02
1.844836401569288284e-02
2.185131342852148981e-02
1.197496445733194359e-01
1.288690970040980988e-01
8.518467205073554371e-02
1.130828650634048971e-01
1.735929857335856141e-01
1.768133207001673368e-01
7.885110761202299146e-02
1.243207482651233764e-01
1.135433334056255433e-01
8.960295072855990750e-02
7.760051668518976042e-02
9.821605913464118154e-02
1.070503905329363847e-01
1.352506274141135334e-01
1.720763307205437909e-01
2.404571471169807684e-01
2.655699644579281871e-01
3.000946413178058880e-01
3.494572771928726729e-01
4.670397695745197031e-01
4.982741641969288815e-01
5.200395020545718339e-01
5.374961637269053405e-01
5.496043284402967188e-01
