6.228870021184423900e-02
6.581144593809047649e-02
6.841000697908029837e-02
7.008393565154455440e-02
7.117905566168583609e-02
7.174821744502687948e-02
7.176449509994424492e-02
7.137285744381084707e-02
7.056425382842800020e-02
6.953912813715291963e-02
6.820594094927877327e-02
6.706651256161275110e-02
6.533059079570313621e-02
6.376069763990842298e-02
6.193544946957245390e-02
6.015021213129926464e-02
5.845869160594957537e-02
5.636458480487967215e-02
5.450205579796720684e-02
5.261562869568590928e-02
5.072575186891535581e-02
4.908070842592173605e-02
4.759351097850596929e-02
4.622793910600552642e-02
4.529334505542698119e-02
4.310114833975292603e-02
1.195767649470682453e-01
1.266003810390083084e-01
1.698757036156338662e-01
1.514034913581315533e-01
1.053043076996905830e-01
1.020727863297550692e-01
9.082101284643519234e-02
1.073435725764372989e-01
1.150019015256663335e-01
9.651361957609082276e-02
9.135198994059844091e-02
1.095289260804934162e-01
1.169515698620097882e-01
1.369140424269017775e-01
1.722229985278884434e-01
2.395246282823807471e-01
2.621897358727808824e-01
2.968997109712398497e-01
4.369337127720269165e-01
4.675910635198748944e-01
4.974910677519772118e-01
5.247684119473470243e-01
5.422376532389157067e-01
5.540929182779043005e-01
