7.023381287293825603e-02
4.447805871435982911e-02
5.154378497626619510e-02
4.924625368018758359e-02
4.478699270942871485e-02
4.058612290041591075e-02
3.736814224487047115e-02
3.232085108019257247e-02
2.924167293264879133e-02
2.807283003018840734e-02
2.652927346275736967e-02
2.974169872580137430e-02
2.893869317045232731e-02
2.847023947869217753e-02
2.811775898555834291e-02
2.746076155293116286e-02
2.717716249065511153e-02
2.456076196555207966e-02
2.427583115577380823e-02
2.360174882394517476e-02
2.351653839703731624e-02
2.401644281233315803e-02
2.470433834591572939e-02
2.552230026998594456e-02
2.736078338627572284e-02
3.249838195761549364e-02
7.400815287393638919e-02
7.994312810094177102e-02
8.300476750669019688e-02
9.593093011252556979e-02
1.159506141347063368e-01
1.247215236970823787e-01
1.124109034289973025e-01
9.557572646971791708e-02
1.142316078760624021e-01
9.452720180069482114e-02
8.706289042061671202e-02
1.115664715415588815e-01
1.159088112847202201e-01
1.423910547942368321e-01
1.784698422217102787e-01
2.412208670143845546e-01
2.601671776914618039e-01
2.913209511097378246e-01
3.322880914534372954e-01
4.315219937635916270e-01
5.018937421897341489e-01
5.371333786167169499e-01
5.548311652285038420e-01
5.669201943419521772e-01
